[x,y
],
[32.75,4.75
],
[32.75,9.25
],
[36.25,11.75
],
[35.75,12.25
],
[32.25,4.75
],
[22.25,13.75
],
[15.75,22.75
],
[0.0,45.0
],
[5.25,49.75
],
[16.25,40.25
],
[18.25,35.25
],
[17.75,37.75
],
[18.25,44.25
],
[14.75,56.25
],
[35.75,61.25
],
[60.75,46.75
],
[48.25,41.25
],
[47.75,36.75
],
[45.75,35.25
],
[49.25,40.25
],
[57.75,48.75
],
[62.25,46.25
],
[50.75,22.75
],
[44.75,14.75
],
[34.75,4.75
],
[32.75,4.75
],
[33.25,9.25
],
[36.25,11.75
],
[35.75,12.25
],
[32.25,4.75
],
[22.25,13.75
],
[15.75,22.75
],
[12.25,29.75
],
[5.25,37.25
],
[0.0,45.0
],
[5.25,49.75
],
[12.25,42.75
],
[16.25,39.75
],
[16.25,39.75
],
[18.25,35.25
],
[17.75,37.75
],
[18.25,44.25
],
[14.75,56.25
],
[35.75,61.25
],
[60.75,46.75
],
[48.25,41.25
],
[45.75,35.25
],
[45.75,35.25
],
[48.75,39.75
],
[50.75,40.75
],
[52.25,43.75
],
[57.75,48.75
],
[62.25,46.25
],
[58.25,38.25
],
[56.25,30.75
],
[50.75,22.75
],
[44.75,14.75
],
[34.75,4.75
],
[32.75,4.75
],
[32.75,5.75
],
[33.25,9.25
],
[35.25,8.25
],
[32.25,4.75
],
[22.25,13.75
],
[15.75,22.75
],
[0.0,45.0
],
[5.25,49.75
],
[16.25,40.25
],
[18.25,35.25
],
[17.75,38.25
],
[18.25,44.25
],
[14.75,56.25
],
[5.25,50.75
],
[60.75,46.75
],
[48.25,41.25
],
[45.75,35.25
],
[46.25,35.25
],
[49.25,39.75
],
[57.75,48.75
],
[62.25,46.25
],
[x,y
],
[32.75,4.75
],
[32.75,9.25
],
[36.25,11.75
],
[35.75,12.25
],
[32.25,4.75
],
[22.25,13.75
],
[15.75,22.75
],
[0.0,45.0
],
[5.25,49.75
],
[16.25,40.25
],
[18.25,35.25
],
[17.75,37.75
],
[18.25,44.25
],
[14.75,56.25
],
[35.75,61.25
],
[60.75,46.75
],
[48.25,41.25
],
[47.75,36.75
],
[45.75,35.25
],
[49.25,40.25
],
[57.75,48.75
],
[62.25,46.25
],
[50.75,22.75
],
[44.75,14.75
],
[34.75,4.75
],
[32.75,4.75
],
[33.25,9.25
],
[36.25,11.75
],
[35.75,12.25
],
[32.25,4.75
],
[22.25,13.75
],
[15.75,22.75
],
[12.25,29.75
],
[5.25,37.25
],
[0.0,45.0
],
[5.25,49.75
],
[12.25,42.75
],
[16.25,39.75
],
[16.25,39.75
],
[18.25,35.25
],
[17.75,37.75
],
[18.25,44.25
],
[14.75,56.25
],
[35.75,61.25
],
[60.75,46.75
],
[48.25,41.25
],
[45.75,35.25
],
[45.75,35.25
],
[48.75,39.75
],
[50.75,40.75
],
[52.25,43.75
],
[57.75,48.75
],
[62.25,46.25
],
[58.25,38.25
],
[56.25,30.75
],
[50.75,22.75
],
[44.75,14.75
],
[34.75,4.75
],
[32.75,4.75
],
[32.75,5.75
],
[33.25,9.25
],
[35.25,8.25
],
[32.25,4.75
],
[22.25,13.75
],
[15.75,22.75
],
[0.0,45.0
],
[5.25,49.75
],
[16.25,40.25
],
[18.25,35.25
],
[17.75,38.25
],
[18.25,44.25
],
[14.75,56.25
],
[5.25,50.75
],
[60.75,46.75
],
[48.25,41.25
],
[45.75,35.25
],
[46.25,35.25
],
[49.25,39.75
],
[57.75,48.75
],
[62.25,46.25
],
