[34.25]
[30.25]
[30.25]
[33.75]
[36.75]
[37.75]
[21.75]
[15.25]
[2.25]
[7.25]
[16.25]
[20.75]
[19.75]
[18.25]
[18.25]
[34.75]
[48.75]
[45.25]
[45.25]
[45.25]
[48.25]
[55.25]
[61.25]
[50.25]
[44.25]
[34.25]
[30.25]
[30.25]
[33.75]
[36.25]
[37.75]
[21.75]
[15.25]
[12.25]
[6.75]
[2.25]
[7.25]
[13.25]
[17.75]
[18.75]
[20.75]
[19.75]
[18.25]
[18.25]
[34.75]
[48.75]
[45.25]
[45.25]
[45.25]
[46.25]
[48.25]
[50.25]
[55.25]
[61.25]
[57.25]
[54.25]
[49.75]
[44.25]
[33.75]
[29.75]
[30.25]
[30.25]
[37.25]
[37.75]
[21.75]
[15.25]
[2.25]
[7.25]
[16.25]
[20.25]
[19.75]
[18.25]
[18.25]
[6.25]
[48.75]
[45.25]
[45.25]
[45.75]
[48.25]
[55.25]
[61.25]
