[6.75]
[4.75]
[8.25]
[9.75]
[8.75]
[5.25]
[12.25]
[22.75]
[44.75]
[48.75]
[39.75]
[22.75]
[27.25]
[40.25]
[51.75]
[59.75]
[53.25]
[37.75]
[30.25]
[30.75]
[37.75]
[48.25]
[45.25]
[21.75]
[12.25]
[6.75]
[4.75]
[8.25]
[9.75]
[8.75]
[5.25]
[12.25]
[22.75]
[30.25]
[36.75]
[44.75]
[48.75]
[41.75]
[36.75]
[30.75]
[22.75]
[26.75]
[40.25]
[51.75]
[59.75]
[53.25]
[37.75]
[30.25]
[30.75]
[32.75]
[37.75]
[42.25]
[48.25]
[45.25]
[38.25]
[31.75]
[21.75]
[12.25]
[5.25]
[4.75]
[6.25]
[8.25]
[7.25]
[5.25]
[12.25]
[22.75]
[44.75]
[48.75]
[39.75]
[26.25]
[27.25]
[40.25]
[51.75]
[49.25]
[53.25]
[37.75]
[30.25]
[30.75]
[37.75]
[48.25]
[45.25]
